[header-bg.jpg]
filters=Vignette=1,50.000000,2.000000,0.000000,00000000;
moddate=41bf779e0ebcd501
width=2100
height=1022
textactive=0
